cohort,mass_MeV,policy,toy,z,A_expected,background_hash,signal_hash,counts_hash,actual_full,actual_fit,actual_training,actual_outside_support,Ahat,sigma_A,signed_r,Z0,p0_fixed_mass,nll_null,nll_free,max_score,min_lambda,q0,p_deficit_asymptotic,fit_valid,failure_reason,covariance_load,nuisance_rank
null,79,morph_starter,100,0,0,0567f54bd011db1a5f77145d1b262c1c39f92d4d4df2724f417054b6ecc86dbd,d3bb56f8ed6d718b0d014fd9eec6c619f30907068e2667d838febcc69349baac,0567f54bd011db1a5f77145d1b262c1c39f92d4d4df2724f417054b6ecc86dbd,0,0,0,0,12163.059461677592,9926.6840952201292,1.225356632225318,1.225356632225318,0.11022043965727696,10.224221108286281,9.4734716702169948,1.6967547367130464e-08,1114444.689828471,1.5014988761385732,1,True,,9.9999999999999995e-07,19
null,79,gaussian_baseline,100,0,0,0567f54bd011db1a5f77145d1b262c1c39f92d4d4df2724f417054b6ecc86dbd,d3bb56f8ed6d718b0d014fd9eec6c619f30907068e2667d838febcc69349baac,0567f54bd011db1a5f77145d1b262c1c39f92d4d4df2724f417054b6ecc86dbd,0,0,0,0,5874.0498141321204,6983.3953309093531,0.84116855222250064,0.84116855222250064,0.20012675768079835,7.5032017602970935,7.1494194936730446,9.3070362527924999e-10,1136685.4538432828,0.70756453324809776,1,True,,9.9999999999999995e-07,16
null,79,gaussian_starter,100,0,0,0567f54bd011db1a5f77145d1b262c1c39f92d4d4df2724f417054b6ecc86dbd,d3bb56f8ed6d718b0d014fd9eec6c619f30907068e2667d838febcc69349baac,0567f54bd011db1a5f77145d1b262c1c39f92d4d4df2724f417054b6ecc86dbd,0,0,0,0,6122.134078663179,7104.4027381853148,0.8617590437259296,0.8617590437259296,0.19441006348415402,10.224221108286914,9.8529067835651993,1.3137730681123116e-08,1114436.4545244328,0.74262864944342866,1,True,,9.9999999999999995e-07,19
null,79,morph_starter,101,0,0,5d9d0330959ce6195c70a0a06fe30f2836f4f7f8783814cdffd2061c007019be,d3bb56f8ed6d718b0d014fd9eec6c619f30907068e2667d838febcc69349baac,5d9d0330959ce6195c70a0a06fe30f2836f4f7f8783814cdffd2061c007019be,0,0,0,0,1934.4440715630615,9931.4576909961652,0.19478117174282505,0.19478117174282505,0.42278213137201837,10.821271272798874,10.802301420366121,3.0084079671865993e-10,1114647.7196969448,0.037939704865507906,1,True,,9.9999999999999995e-07,19
null,79,gaussian_baseline,101,0,0,5d9d0330959ce6195c70a0a06fe30f2836f4f7f8783814cdffd2061c007019be,d3bb56f8ed6d718b0d014fd9eec6c619f30907068e2667d838febcc69349baac,5d9d0330959ce6195c70a0a06fe30f2836f4f7f8783814cdffd2061c007019be,0,0,0,0,2739.9777112514789,6985.1617891527503,0.39226193849748442,0.39226193849748442,0.34743234166006381,9.0338245056989965,8.9568897915020944,1.1890489461097165e-11,1136809.7774089216,0.15386942839380424,1,True,,9.9999999999999995e-07,16
null,79,gaussian_starter,101,0,0,5d9d0330959ce6195c70a0a06fe30f2836f4f7f8783814cdffd2061c007019be,d3bb56f8ed6d718b0d014fd9eec6c619f30907068e2667d838febcc69349baac,5d9d0330959ce6195c70a0a06fe30f2836f4f7f8783814cdffd2061c007019be,0,0,0,0,2234.5388697069875,7108.6292910224938,0.31434452735557095,0.31434452735557095,0.37662969146545378,10.821271272798846,10.771865031859647,2.850777391927295e-10,1114618.02264033,0.098812481878397293,1,True,,9.9999999999999995e-07,19
null,79,morph_starter,102,0,0,b27b32cc1086d2d539323a13adc3b1831e31d0dbcb82a5ad2ac05f1a4df70538,d3bb56f8ed6d718b0d014fd9eec6c619f30907068e2667d838febcc69349baac,b27b32cc1086d2d539323a13adc3b1831e31d0dbcb82a5ad2ac05f1a4df70538,0,0,0,0,-673.94288553559898,9928.6510338376738,-0.067878388627177988,0,0.5,3.3224296963161475,3.3201259584948364,9.5096708285780096e-11,1114503.0438982493,0,0.47294122122215848,True,,9.9999999999999995e-07,19
null,79,gaussian_baseline,102,0,0,b27b32cc1086d2d539323a13adc3b1831e31d0dbcb82a5ad2ac05f1a4df70538,d3bb56f8ed6d718b0d014fd9eec6c619f30907068e2667d838febcc69349baac,b27b32cc1086d2d539323a13adc3b1831e31d0dbcb82a5ad2ac05f1a4df70538,0,0,0,0,-1746.5255333875714,6984.9828228020933,-0.25003800311561608,0,0.5,2.677052080911785,2.6457925794107626,2.2687407508215074e-13,1136762.9856331204,0,0.40127897979373672,True,,9.9999999999999995e-07,16
null,79,gaussian_starter,102,0,0,b27b32cc1086d2d539323a13adc3b1831e31d0dbcb82a5ad2ac05f1a4df70538,d3bb56f8ed6d718b0d014fd9eec6c619f30907068e2667d838febcc69349baac,b27b32cc1086d2d539323a13adc3b1831e31d0dbcb82a5ad2ac05f1a4df70538,0,0,0,0,-1640.360609995786,7106.2334418690752,-0.23083253882260318,0,0.5,3.3224296963161084,3.2957878658264641,8.0438433691654154e-11,1114503.0438982493,0,0.40872245073159952,True,,9.9999999999999995e-07,19
null,79,morph_starter,103,0,0,ef55adbb59038436911a50a13bcd979eb37eb527e199651587b15b6a4026d901,d3bb56f8ed6d718b0d014fd9eec6c619f30907068e2667d838febcc69349baac,ef55adbb59038436911a50a13bcd979eb37eb527e199651587b15b6a4026d901,0,0,0,0,11923.875585182506,9927.7703977183628,1.2011275322641481,1.2011275322641481,0.11485086728364818,11.70884850162869,10.987494827247209,7.3910324749348888e-08,1114473.2980236164,1.4427073487629622,1,True,,9.9999999999999995e-07,19
null,79,gaussian_baseline,103,0,0,ef55adbb59038436911a50a13bcd979eb37eb527e199651587b15b6a4026d901,d3bb56f8ed6d718b0d014fd9eec6c619f30907068e2667d838febcc69349baac,ef55adbb59038436911a50a13bcd979eb37eb527e199651587b15b6a4026d901,0,0,0,0,6700.6953038855327,6985.0770322271546,0.95931754865091179,0.95931754865091179,0.16869939874224316,8.3094979079989422,7.8493528284241449,2.1411525885639549e-09,1136706.0390235076,0.92029015914959456,1,True,,9.9999999999999995e-07,16
null,79,gaussian_starter,103,0,0,ef55adbb59038436911a50a13bcd979eb37eb527e199651587b15b6a4026d901,d3bb56f8ed6d718b0d014fd9eec6c619f30907068e2667d838febcc69349baac,ef55adbb59038436911a50a13bcd979eb37eb527e199651587b15b6a4026d901,0,0,0,0,7363.7334739825501,7104.9012855329283,1.036460495874886,1.036460495874886,0.1499936799981601,11.708848501629671,11.171723321875064,6.7613681986600227e-08,1114434.5561035976,1.0742503595092145,1,True,,9.9999999999999995e-07,19
null,79,morph_starter,104,0,0,622aabf6448e6b965d8eec1ad71af5d0aafe0aacf87aeeaff684d04254aacc1b,d3bb56f8ed6d718b0d014fd9eec6c619f30907068e2667d838febcc69349baac,622aabf6448e6b965d8eec1ad71af5d0aafe0aacf87aeeaff684d04254aacc1b,0,0,0,0,15797.587813126591,9929.5282071900492,1.5910841838900942,1.5910841838900942,0.055795315718327458,6.8652265850592533,5.5994521449466497,3.493970879286934e-08,1114316.2599062559,2.5315488802252073,1,True,,9.9999999999999995e-07,19
null,79,gaussian_baseline,104,0,0,622aabf6448e6b965d8eec1ad71af5d0aafe0aacf87aeeaff684d04254aacc1b,d3bb56f8ed6d718b0d014fd9eec6c619f30907068e2667d838febcc69349baac,622aabf6448e6b965d8eec1ad71af5d0aafe0aacf87aeeaff684d04254aacc1b,0,0,0,0,8839.2994497899745,6985.7787725494563,1.2653804164567373,1.2653804164567373,0.10286749595615696,4.9718821010697338,4.1712883018936209,1.3103910838363486e-09,1136667.0117143956,1.6011875983522259,1,True,,9.9999999999999995e-07,16
null,79,gaussian_starter,104,0,0,622aabf6448e6b965d8eec1ad71af5d0aafe0aacf87aeeaff684d04254aacc1b,d3bb56f8ed6d718b0d014fd9eec6c619f30907068e2667d838febcc69349baac,622aabf6448e6b965d8eec1ad71af5d0aafe0aacf87aeeaff684d04254aacc1b,0,0,0,0,9346.9603585353088,7106.238719454157,1.3153664501899585,1.3153664501899585,0.09419338764849422,6.8652265850593093,6.0001321359166431,2.8828753384502193e-08,1114274.1319198338,1.7301888982853324,1,True,,9.9999999999999995e-07,19
null,79,morph_starter,105,0,0,463c18474bfbed1db304462804ffce3c90a82301e1dd802cbfb5a34f3ff2b31f,d3bb56f8ed6d718b0d014fd9eec6c619f30907068e2667d838febcc69349baac,463c18474bfbed1db304462804ffce3c90a82301e1dd802cbfb5a34f3ff2b31f,0,0,0,0,8955.1940998054015,9929.6283077709613,0.90190248103406057,0.90190248103406057,0.18355433664822879,6.5549777827733102,6.1482637401256133,5.0568454501923044e-10,1114302.1944347769,0.81342808529539401,1,True,,9.9999999999999995e-07,19
null,79,gaussian_baseline,105,0,0,463c18474bfbed1db304462804ffce3c90a82301e1dd802cbfb5a34f3ff2b31f,d3bb56f8ed6d718b0d014fd9eec6c619f30907068e2667d838febcc69349baac,463c18474bfbed1db304462804ffce3c90a82301e1dd802cbfb5a34f3ff2b31f,0,0,0,0,7727.5350178119024,6984.2222512140497,1.1064677503404097,1.1064677503404097,0.13426205759116988,5.8088040928579225,5.196668651586239,1.89925558613524e-09,1136461.5077101472,1.2242708825433672,1,True,,9.9999999999999995e-07,16
null,79,gaussian_starter,105,0,0,463c18474bfbed1db304462804ffce3c90a82301e1dd802cbfb5a34f3ff2b31f,d3bb56f8ed6d718b0d014fd9eec6c619f30907068e2667d838febcc69349baac,463c18474bfbed1db304462804ffce3c90a82301e1dd802cbfb5a34f3ff2b31f,0,0,0,0,7581.154864879416,7107.0210661496021,1.0667456024635262,1.0667456024635262,0.14304336428380993,6.5549777827734141,5.9860046925857784,5.8839158545431758e-10,1114226.908293392,1.1379461803752715,1,True,,9.9999999999999995e-07,19
null,79,morph_starter,106,0,0,66528d71e3852ef633c3c73db50c688fb49afadeba1b2dfe9c40775420a004e9,d3bb56f8ed6d718b0d014fd9eec6c619f30907068e2667d838febcc69349baac,66528d71e3852ef633c3c73db50c688fb49afadeba1b2dfe9c40775420a004e9,0,0,0,0,6450.0413904255947,9932.2037708432472,0.6494257808718199,0.6494257808718199,0.25803160231696487,8.9544821223386659,8.7436051999081794,1.690300677203993e-11,1114270.1791256755,0.42175384486097306,1,True,,9.9999999999999995e-07,19
null,79,gaussian_baseline,106,0,0,66528d71e3852ef633c3c73db50c688fb49afadeba1b2dfe9c40775420a004e9,d3bb56f8ed6d718b0d014fd9eec6c619f30907068e2667d838febcc69349baac,66528d71e3852ef633c3c73db50c688fb49afadeba1b2dfe9c40775420a004e9,0,0,0,0,4532.6248102760865,6986.20229442863,0.64881052852819598,0.64881052852819598,0.25823042567187993,7.1553151528670282,6.9448376019025098,1.7453510858800314e-11,1136595.7722221415,0.42095510192903701,1,True,,9.9999999999999995e-07,16
null,79,gaussian_starter,106,0,0,66528d71e3852ef633c3c73db50c688fb49afadeba1b2dfe9c40775420a004e9,d3bb56f8ed6d718b0d014fd9eec6c619f30907068e2667d838febcc69349baac,66528d71e3852ef633c3c73db50c688fb49afadeba1b2dfe9c40775420a004e9,0,0,0,0,4458.5450804167704,7108.843101584519,0.62719404389784106,0.62719404389784106,0.26526602348921968,8.9544821223394688,8.7577959379890054,1.4853007712645194e-11,1114238.5263949721,0.39337236870092696,1,True,,9.9999999999999995e-07,19
null,79,morph_starter,107,0,0,415e1431c2d4589e1c168b9a0240aa12f7b7403dcb08b2ee7c8bd8ac60898ef0,d3bb56f8ed6d718b0d014fd9eec6c619f30907068e2667d838febcc69349baac,415e1431c2d4589e1c168b9a0240aa12f7b7403dcb08b2ee7c8bd8ac60898ef0,0,0,0,0,-2504.2982440866749,9929.5770423405811,-0.25220308029270294,0,0.5,4.8336939437563329,4.8018907469017691,2.1210255773951303e-12,1114569.4004544939,0,0.40044204864462457,True,,9.9999999999999995e-07,19
null,79,gaussian_baseline,107,0,0,415e1431c2d4589e1c168b9a0240aa12f7b7403dcb08b2ee7c8bd8ac60898ef0,d3bb56f8ed6d718b0d014fd9eec6c619f30907068e2667d838febcc69349baac,415e1431c2d4589e1c168b9a0240aa12f7b7403dcb08b2ee7c8bd8ac60898ef0,0,0,0,0,-1486.8759447282987,6985.4318876264715,-0.21285234041238807,0,0.5,3.7406804774449918,3.7180274180354762,9.5404760480644057e-13,1136799.0955028036,0,0.4157210686511793,True,,9.9999999999999995e-07,16
null,79,gaussian_starter,107,0,0,415e1431c2d4589e1c168b9a0240aa12f7b7403dcb08b2ee7c8bd8ac60898ef0,d3bb56f8ed6d718b0d014fd9eec6c619f30907068e2667d838febcc69349baac,415e1431c2d4589e1c168b9a0240aa12f7b7403dcb08b2ee7c8bd8ac60898ef0,0,0,0,0,-1218.9086677199837,7106.9601740331127,-0.1715083143235111,0,0.5,4.8336939437562867,4.8189863928152405,2.822853062411923e-12,1114569.4004544937,0,0.43191204671039091,True,,9.9999999999999995e-07,19
null,79,morph_starter,108,0,0,c85f7dcb4a2aa389f06bfcfbe10d3e6ac9a0c45efc4ca5a615befb1d0ff9ceef,d3bb56f8ed6d718b0d014fd9eec6c619f30907068e2667d838febcc69349baac,c85f7dcb4a2aa389f06bfcfbe10d3e6ac9a0c45efc4ca5a615befb1d0ff9ceef,0,0,0,0,9505.4810855971482,9932.549229378079,0.95704422887096485,0.95704422887096485,0.16927246574413085,9.5494574689250911,9.0914906409174812,9.0706886446412227e-11,1114452.7108243348,0.91593365601521981,1,True,,9.9999999999999995e-07,19
null,79,gaussian_baseline,108,0,0,c85f7dcb4a2aa389f06bfcfbe10d3e6ac9a0c45efc4ca5a615befb1d0ff9ceef,d3bb56f8ed6d718b0d014fd9eec6c619f30907068e2667d838febcc69349baac,c85f7dcb4a2aa389f06bfcfbe10d3e6ac9a0c45efc4ca5a615befb1d0ff9ceef,0,0,0,0,6554.7075130642634,6987.4554103026676,0.93809683836760815,0.93809683836760815,0.17409732323566879,8.8609317521848912,8.4209189131072399,4.518957430477144e-11,1136643.0347225675,0.8800256781553023,1,True,,9.9999999999999995e-07,16
null,79,gaussian_starter,108,0,0,c85f7dcb4a2aa389f06bfcfbe10d3e6ac9a0c45efc4ca5a615befb1d0ff9ceef,d3bb56f8ed6d718b0d014fd9eec6c619f30907068e2667d838febcc69349baac,c85f7dcb4a2aa389f06bfcfbe10d3e6ac9a0c45efc4ca5a615befb1d0ff9ceef,0,0,0,0,7102.778957501062,7108.7378559456693,0.99918994758247626,0.99918994758247626,0.15885134229058523,9.5494574689250644,9.0502671932501286,9.3607413487184488e-11,1114394.0842222013,0.99838055134987169,1,True,,9.9999999999999995e-07,19
null,79,morph_starter,109,0,0,19ccf60dc5a5ea4e60d21a9f5b5b1d8ad9c24a696407a38d35f4949d521bd52e,d3bb56f8ed6d718b0d014fd9eec6c619f30907068e2667d838febcc69349baac,19ccf60dc5a5ea4e60d21a9f5b5b1d8ad9c24a696407a38d35f4949d521bd52e,0,0,0,0,25462.125779137867,9932.1972078577255,2.5638892334708689,2.5638892334708689,0.0051753285570421597,10.939399519109511,7.6526355183555905,1.2328542098316575e-07,1114684.0801730948,6.5735280015078397,1,True,,9.9999999999999995e-07,19
null,79,gaussian_baseline,109,0,0,19ccf60dc5a5ea4e60d21a9f5b5b1d8ad9c24a696407a38d35f4949d521bd52e,d3bb56f8ed6d718b0d014fd9eec6c619f30907068e2667d838febcc69349baac,19ccf60dc5a5ea4e60d21a9f5b5b1d8ad9c24a696407a38d35f4949d521bd52e,0,0,0,0,17757.83640952405,6987.0584292993763,2.5417451995436888,2.5417451995436888,0.0055150274784011291,9.7297018834045748,6.4994675537028819,2.4855052183081483e-08,1136919.2704638536,6.4604686594033867,1,True,,9.9999999999999995e-07,16
null,79,gaussian_starter,109,0,0,19ccf60dc5a5ea4e60d21a9f5b5b1d8ad9c24a696407a38d35f4949d521bd52e,d3bb56f8ed6d718b0d014fd9eec6c619f30907068e2667d838febcc69349baac,19ccf60dc5a5ea4e60d21a9f5b5b1d8ad9c24a696407a38d35f4949d521bd52e,0,0,0,0,18491.852656341183,7107.7309768784489,2.6018448077078378,2.6018448077078378,0.0046361900708445057,10.939399519108981,7.5546013174108637,1.1855116155423673e-07,1114539.0257443979,6.7695964033962355,1,True,,9.9999999999999995e-07,19
null,79,morph_starter,110,0,0,ce4590c3d3588dc9d762d14398cae79608e19ac9afa74e68dbe3c9fc53683836,d3bb56f8ed6d718b0d014fd9eec6c619f30907068e2667d838febcc69349baac,ce4590c3d3588dc9d762d14398cae79608e19ac9afa74e68dbe3c9fc53683836,0,0,0,0,-3174.3700257869741,9932.3831364369016,-0.31959344427551156,0,0.5,8.0784292417749217,8.0273592569629795,7.5314754433009057e-13,1114189.3270911044,0,0.37463827232687719,True,,9.9999999999999995e-07,19
null,79,gaussian_baseline,110,0,0,ce4590c3d3588dc9d762d14398cae79608e19ac9afa74e68dbe3c9fc53683836,d3bb56f8ed6d718b0d014fd9eec6c619f30907068e2667d838febcc69349baac,ce4590c3d3588dc9d762d14398cae79608e19ac9afa74e68dbe3c9fc53683836,0,0,0,0,-1593.2088714243614,6987.611788554841,-0.22800306686719915,0,0.5,7.3642795978927911,7.3382868986423668,1.9993479094537747e-11,1136622.5790617764,0,0.40982192814994634,True,,9.9999999999999995e-07,16
null,79,gaussian_starter,110,0,0,ce4590c3d3588dc9d762d14398cae79608e19ac9afa74e68dbe3c9fc53683836,d3bb56f8ed6d718b0d014fd9eec6c619f30907068e2667d838febcc69349baac,ce4590c3d3588dc9d762d14398cae79608e19ac9afa74e68dbe3c9fc53683836,0,0,0,0,-1157.8355944961816,7109.0609973854798,-0.16286683541153923,0,0.5,8.0784292417748738,8.0651664387363891,8.0752071696110761e-13,1114189.3270911044,0,0.43531164181701865,True,,9.9999999999999995e-07,19
null,79,morph_starter,111,0,0,dfffe19ba37ec06a8303ba920fabf7f2c72588f794d3268b5b4b853ea9cc18c9,d3bb56f8ed6d718b0d014fd9eec6c619f30907068e2667d838febcc69349baac,dfffe19ba37ec06a8303ba920fabf7f2c72588f794d3268b5b4b853ea9cc18c9,0,0,0,0,10847.487891342558,9927.8516129717191,1.0926855140742624,1.0926855140742624,0.13726595106631567,7.4401469028721632,6.8431660865382957,1.5193333952057131e-09,1114869.5133167971,1.1939616326677351,1,True,,9.9999999999999995e-07,19
null,79,gaussian_baseline,111,0,0,dfffe19ba37ec06a8303ba920fabf7f2c72588f794d3268b5b4b853ea9cc18c9,d3bb56f8ed6d718b0d014fd9eec6c619f30907068e2667d838febcc69349baac,dfffe19ba37ec06a8303ba920fabf7f2c72588f794d3268b5b4b853ea9cc18c9,0,0,0,0,7151.1889568088436,6983.4458977464246,1.0240546466460405,1.0240546466460405,0.15290473221546247,7.3541474914565921,6.8298035317979187,1.4677034587684545e-09,1137024.6918386626,1.0486879193173468,1,True,,9.9999999999999995e-07,16
null,79,gaussian_starter,111,0,0,dfffe19ba37ec06a8303ba920fabf7f2c72588f794d3268b5b4b853ea9cc18c9,d3bb56f8ed6d718b0d014fd9eec6c619f30907068e2667d838febcc69349baac,dfffe19ba37ec06a8303ba920fabf7f2c72588f794d3268b5b4b853ea9cc18c9,0,0,0,0,7250.2683888150805,7105.608515901873,1.0203879935248839,1.0203879935248839,0.15377224291649111,7.4401469028721561,6.9195510742072868,1.2977758034882214e-09,1114821.860597868,1.0411916573297384,1,True,,9.9999999999999995e-07,19
null,79,morph_starter,112,0,0,8990a3ee8bae8a37465f3ae191e431d65bf532a68ad35dc93607a96dcbf1bc88,d3bb56f8ed6d718b0d014fd9eec6c619f30907068e2667d838febcc69349baac,8990a3ee8bae8a37465f3ae191e431d65bf532a68ad35dc93607a96dcbf1bc88,0,0,0,0,-4240.3028890897758,9930.3183106790621,-0.42699756071356487,0,0.5,13.138638461298751,13.047475002871083,4.6425852051612537e-10,1115317.853570635,0,0.33469055219017313,True,,9.9999999999999995e-07,19
null,79,gaussian_baseline,112,0,0,8990a3ee8bae8a37465f3ae191e431d65bf532a68ad35dc93607a96dcbf1bc88,d3bb56f8ed6d718b0d014fd9eec6c619f30907068e2667d838febcc69349baac,8990a3ee8bae8a37465f3ae191e431d65bf532a68ad35dc93607a96dcbf1bc88,0,0,0,0,-941.28195363606358,6984.4980598103775,-0.13476670299781202,0,0.5,10.602205775744503,10.593124743626053,4.4085290973328028e-12,1137353.694594804,0,0.44639816638880597,True,,9.9999999999999995e-07,16
null,79,gaussian_starter,112,0,0,8990a3ee8bae8a37465f3ae191e431d65bf532a68ad35dc93607a96dcbf1bc88,d3bb56f8ed6d718b0d014fd9eec6c619f30907068e2667d838febcc69349baac,8990a3ee8bae8a37465f3ae191e431d65bf532a68ad35dc93607a96dcbf1bc88,0,0,0,0,-1077.3236094365889,7107.7344532176312,-0.15156995550484384,0,0.5,13.138638461298127,13.127151735592257,3.7660141671835845e-10,1115317.853570635,0,0.43976306580356728,True,,9.9999999999999995e-07,19
null,79,morph_starter,113,0,0,d6b5341c210af0e3131815bad69d4d41dd233d31a9e22059ed912b7a10f21e7c,d3bb56f8ed6d718b0d014fd9eec6c619f30907068e2667d838febcc69349baac,d6b5341c210af0e3131815bad69d4d41dd233d31a9e22059ed912b7a10f21e7c,0,0,0,0,17165.917267057943,9927.0015447597452,1.7293489280853669,1.7293489280853669,0.041873332339488638,12.417891873328372,10.922568015793368,4.3343504896320439e-08,1114396.882329569,2.9906477150700073,1,True,,9.9999999999999995e-07,19
null,79,gaussian_baseline,113,0,0,d6b5341c210af0e3131815bad69d4d41dd233d31a9e22059ed912b7a10f21e7c,d3bb56f8ed6d718b0d014fd9eec6c619f30907068e2667d838febcc69349baac,d6b5341c210af0e3131815bad69d4d41dd233d31a9e22059ed912b7a10f21e7c,0,0,0,0,12803.64802269354,6982.8540607871664,1.8336945724255205,1.8336945724255205,0.033349672375217902,9.2765890085766234,7.5953711161052171,2.0237432951653034e-08,1136444.6033313789,3.3624357849428121,1,True,,9.9999999999999995e-07,16
null,79,gaussian_starter,113,0,0,d6b5341c210af0e3131815bad69d4d41dd233d31a9e22059ed912b7a10f21e7c,d3bb56f8ed6d718b0d014fd9eec6c619f30907068e2667d838febcc69349baac,d6b5341c210af0e3131815bad69d4d41dd233d31a9e22059ed912b7a10f21e7c,0,0,0,0,13451.633357532579,7104.5027267625665,1.8934969137874216,1.8934969137874216,0.029145909128068175,12.41789187332868,10.625226592067435,4.5299111905983125e-08,1114276.9087787017,3.5853305625224903,1,True,,9.9999999999999995e-07,19
null,79,morph_starter,114,0,0,652b7ed97687c9188f738c8deb5f426cc3da762b3c4516b60c4ab834caf5eda2,d3bb56f8ed6d718b0d014fd9eec6c619f30907068e2667d838febcc69349baac,652b7ed97687c9188f738c8deb5f426cc3da762b3c4516b60c4ab834caf5eda2,0,0,0,0,17499.977979410705,9930.1767011573284,1.7624420782903853,1.7624420782903853,0.038997317258924608,7.7777266967876457,6.2246256571233793,5.0659519079676585e-09,1114329.4839891847,3.1062020793285328,1,True,,9.9999999999999995e-07,19
null,79,gaussian_baseline,114,0,0,652b7ed97687c9188f738c8deb5f426cc3da762b3c4516b60c4ab834caf5eda2,d3bb56f8ed6d718b0d014fd9eec6c619f30907068e2667d838febcc69349baac,652b7ed97687c9188f738c8deb5f426cc3da762b3c4516b60c4ab834caf5eda2,0,0,0,0,13013.424490109857,6985.160303346639,1.8631244230363262,1.8631244230363262,0.031222381410844439,7.6725106596849599,5.9368943518277382,2.2288576539963856e-09,1136398.3312117448,3.4712326157144435,1,True,,9.9999999999999995e-07,16
null,79,gaussian_starter,114,0,0,652b7ed97687c9188f738c8deb5f426cc3da762b3c4516b60c4ab834caf5eda2,d3bb56f8ed6d718b0d014fd9eec6c619f30907068e2667d838febcc69349baac,652b7ed97687c9188f738c8deb5f426cc3da762b3c4516b60c4ab834caf5eda2,0,0,0,0,13414.032252527284,7106.8765264642207,1.887572944028445,1.887572944028445,0.029541652576007767,7.7777266967875258,5.9962608872734204,5.0320000111181429e-09,1114213.9340459409,3.5629316190282112,1,True,,9.9999999999999995e-07,19
null,79,morph_starter,115,0,0,0465207f1f9677dc8ee1cc4c5757aa1e6cf50077e90b311ef9bfaa3113b31c63,d3bb56f8ed6d718b0d014fd9eec6c619f30907068e2667d838febcc69349baac,0465207f1f9677dc8ee1cc4c5757aa1e6cf50077e90b311ef9bfaa3113b31c63,0,0,0,0,-5880.9983060550239,9928.7385094025831,-0.59230506023305929,0,0.5,6.3889892028134154,6.2135765606245714,1.1876329563884069e-11,1114327.0446561167,0,0.27682316400448925,True,,9.9999999999999995e-07,19
null,79,gaussian_baseline,115,0,0,0465207f1f9677dc8ee1cc4c5757aa1e6cf50077e90b311ef9bfaa3113b31c63,d3bb56f8ed6d718b0d014fd9eec6c619f30907068e2667d838febcc69349baac,0465207f1f9677dc8ee1cc4c5757aa1e6cf50077e90b311ef9bfaa3113b31c63,0,0,0,0,-1923.0244454322078,6983.3710029883669,-0.27536944565962418,0,0.5,5.9274286162314533,5.889514450430009,1.1512824027448687e-10,1136436.94384968,0,0.3915162079109209,True,,9.9999999999999995e-07,16
null,79,gaussian_starter,115,0,0,0465207f1f9677dc8ee1cc4c5757aa1e6cf50077e90b311ef9bfaa3113b31c63,d3bb56f8ed6d718b0d014fd9eec6c619f30907068e2667d838febcc69349baac,0465207f1f9677dc8ee1cc4c5757aa1e6cf50077e90b311ef9bfaa3113b31c63,0,0,0,0,-2348.4467895018952,7106.4895232948638,-0.33046201601331676,0,0.5,6.3889892028137316,6.3343866307999388,1.6644253249958885e-12,1114327.0446561172,0,0.37052544440888502,True,,9.9999999999999995e-07,19
null,79,morph_starter,116,0,0,e7391d0a315d2120e23c4c7561ebd34c6f88a3bdd65ece528bf238ec641fe751,d3bb56f8ed6d718b0d014fd9eec6c619f30907068e2667d838febcc69349baac,e7391d0a315d2120e23c4c7561ebd34c6f88a3bdd65ece528bf238ec641fe751,0,0,0,0,-8361.9555943606119,9935.5091273912367,-0.84159152306986451,0,0.5,10.178773400140653,9.8246352542891255,2.0153238855513678e-08,1114753.8778488094,0,0.20000831791348311,True,,9.9999999999999995e-07,19
null,79,gaussian_baseline,116,0,0,e7391d0a315d2120e23c4c7561ebd34c6f88a3bdd65ece528bf238ec641fe751,d3bb56f8ed6d718b0d014fd9eec6c619f30907068e2667d838febcc69349baac,e7391d0a315d2120e23c4c7561ebd34c6f88a3bdd65ece528bf238ec641fe751,0,0,0,0,-5688.4131834740201,6987.6823481465053,-0.81404113146815549,0,0.5,6.9262550770300635,6.5949235951690861,4.958641275365494e-10,1137142.8510326045,0,0.20781069410377118,True,,9.9999999999999995e-07,16
null,79,gaussian_starter,116,0,0,e7391d0a315d2120e23c4c7561ebd34c6f88a3bdd65ece528bf238ec641fe751,d3bb56f8ed6d718b0d014fd9eec6c619f30907068e2667d838febcc69349baac,e7391d0a315d2120e23c4c7561ebd34c6f88a3bdd65ece528bf238ec641fe751,0,0,0,0,-6429.4393587943814,7111.7347156176629,-0.90403756274293912,0,0.5,10.178773400140145,9.7701314427150479,2.0407054268645197e-08,1114753.8778488087,0,0.18298774196847556,True,,9.9999999999999995e-07,19
null,79,morph_starter,117,0,0,73a56bac156d7c9c01909668e0d578cb5a63647bf763b8f6fae47d2756fff295,d3bb56f8ed6d718b0d014fd9eec6c619f30907068e2667d838febcc69349baac,73a56bac156d7c9c01909668e0d578cb5a63647bf763b8f6fae47d2756fff295,0,0,0,0,2868.6484513167334,9931.5222394324228,0.28884651545294915,0.28884651545294915,0.38634941715490806,10.079033958626397,10.037317803881741,4.9096426923966874e-10,1114833.2787969741,0.083432309489310796,1,True,,9.9999999999999995e-07,19
null,79,gaussian_baseline,117,0,0,73a56bac156d7c9c01909668e0d578cb5a63647bf763b8f6fae47d2756fff295,d3bb56f8ed6d718b0d014fd9eec6c619f30907068e2667d838febcc69349baac,73a56bac156d7c9c01909668e0d578cb5a63647bf763b8f6fae47d2756fff295,0,0,0,0,750.44364087222687,6985.2621211182604,0.10743280372315937,0.10743280372315937,0.4572228157437665,9.4541133825335315,9.4483424788756221,9.4124708027720771e-13,1137038.3882034787,0.011541807315818886,1,True,,9.9999999999999995e-07,16
null,79,gaussian_starter,117,0,0,73a56bac156d7c9c01909668e0d578cb5a63647bf763b8f6fae47d2756fff295,d3bb56f8ed6d718b0d014fd9eec6c619f30907068e2667d838febcc69349baac,73a56bac156d7c9c01909668e0d578cb5a63647bf763b8f6fae47d2756fff295,0,0,0,0,437.21078096126979,7108.4659762119954,0.061505751414326584,0.061505751414326584,0.47547821705706628,10.079033958626164,10.077142479897644,6.1296956399559122e-10,1114853.9977285448,0.0037829574570409368,1,True,,9.9999999999999995e-07,19
null,79,morph_starter,118,0,0,52a0995d00a633e7acec0d10b39c7d57ee327610774f354bd6ca9d590a873c1d,d3bb56f8ed6d718b0d014fd9eec6c619f30907068e2667d838febcc69349baac,52a0995d00a633e7acec0d10b39c7d57ee327610774f354bd6ca9d590a873c1d,0,0,0,0,-8607.8034863264529,9931.6818597707461,-0.86666781749150779,0,0.5,12.562574649116261,12.187018096178514,4.4079508793037903e-10,1114538.5781366341,0,0.19306202177409015,True,,9.9999999999999995e-07,19
null,79,gaussian_baseline,118,0,0,52a0995d00a633e7acec0d10b39c7d57ee327610774f354bd6ca9d590a873c1d,d3bb56f8ed6d718b0d014fd9eec6c619f30907068e2667d838febcc69349baac,52a0995d00a633e7acec0d10b39c7d57ee327610774f354bd6ca9d590a873c1d,0,0,0,0,-5574.2181567910238,6985.7168792910852,-0.79792408726678088,0,0.5,9.8538488434982128,9.5355074189779501,2.5822899374361441e-11,1136750.7423146784,0,0.21245727217085847,True,,9.9999999999999995e-07,16
null,79,gaussian_starter,118,0,0,52a0995d00a633e7acec0d10b39c7d57ee327610774f354bd6ca9d590a873c1d,d3bb56f8ed6d718b0d014fd9eec6c619f30907068e2667d838febcc69349baac,52a0995d00a633e7acec0d10b39c7d57ee327610774f354bd6ca9d590a873c1d,0,0,0,0,-6405.03844189553,7108.5899406462795,-0.90100505245718632,0,0.5,12.562574649116444,12.156669596839755,4.3053574594331678e-10,1114538.5781366338,0,0.18379281667242475,True,,9.9999999999999995e-07,19
null,79,morph_starter,119,0,0,4047b5f620e8efe4a64b235ac7511cbbe99968f1186798be7b90ad265d81dd85,d3bb56f8ed6d718b0d014fd9eec6c619f30907068e2667d838febcc69349baac,4047b5f620e8efe4a64b235ac7511cbbe99968f1186798be7b90ad265d81dd85,0,0,0,0,-3509.7883462683299,9932.725653120011,-0.3533504177635155,0,0.5,9.1392307485698296,9.0768024897030042,3.4104961077474627e-09,1114841.0150679077,0,0.36191287609486378,True,,9.9999999999999995e-07,19
null,79,gaussian_baseline,119,0,0,4047b5f620e8efe4a64b235ac7511cbbe99968f1186798be7b90ad265d81dd85,d3bb56f8ed6d718b0d014fd9eec6c619f30907068e2667d838febcc69349baac,4047b5f620e8efe4a64b235ac7511cbbe99968f1186798be7b90ad265d81dd85,0,0,0,0,-3256.5928944604684,6986.8874476764913,-0.46609351982057157,0,0.5,8.3659814134414692,8.2573598288321044,1.1214078554644402e-09,1137071.7586012126,0,0.32057428076037398,True,,9.9999999999999995e-07,16
null,79,gaussian_starter,119,0,0,4047b5f620e8efe4a64b235ac7511cbbe99968f1186798be7b90ad265d81dd85,d3bb56f8ed6d718b0d014fd9eec6c619f30907068e2667d838febcc69349baac,4047b5f620e8efe4a64b235ac7511cbbe99968f1186798be7b90ad265d81dd85,0,0,0,0,-3114.6858279161161,7109.2043540202803,-0.43811475197006639,0,0.5,9.1392307485694673,9.0432584806225709,3.5405650633535402e-09,1114841.0150679077,0,0.3306515505666594,True,,9.9999999999999995e-07,19
null,79,morph_starter,120,0,0,fff1489cf4da69cfe71552fc92de26d2b4d8b3e277822892bd22b10d9938bde6,d3bb56f8ed6d718b0d014fd9eec6c619f30907068e2667d838febcc69349baac,fff1489cf4da69cfe71552fc92de26d2b4d8b3e277822892bd22b10d9938bde6,0,0,0,0,9887.6727375254104,9929.6682157266387,0.99581518783709033,0.99581518783709033,0.15966997473095124,8.0606841410156616,7.5648601968521518,5.9561752197012652e-09,1114339.5174215804,0.99164788832701956,1,True,,9.9999999999999995e-07,19
null,79,gaussian_baseline,120,0,0,fff1489cf4da69cfe71552fc92de26d2b4d8b3e277822892bd22b10d9938bde6,d3bb56f8ed6d718b0d014fd9eec6c619f30907068e2667d838febcc69349baac,fff1489cf4da69cfe71552fc92de26d2b4d8b3e277822892bd22b10d9938bde6,0,0,0,0,5406.0215897406679,6986.1475679598525,0.7738398409571009,0.7738398409571009,0.21951275443468327,6.9812550382858847,6.681840988559629,8.1654599748404166e-11,1136623.8921238056,0.59882809945251125,1,True,,9.9999999999999995e-07,16
null,79,gaussian_starter,120,0,0,fff1489cf4da69cfe71552fc92de26d2b4d8b3e277822892bd22b10d9938bde6,d3bb56f8ed6d718b0d014fd9eec6c619f30907068e2667d838febcc69349baac,fff1489cf4da69cfe71552fc92de26d2b4d8b3e277822892bd22b10d9938bde6,0,0,0,0,6020.7119499244791,7106.8479307927482,0.84719079761786276,0.84719079761786276,0.19844439098456712,8.060684141016079,7.7018180172318838,5.065098340750751e-09,1114309.3182135327,0.71773224756839049,1,True,,9.9999999999999995e-07,19
null,79,morph_starter,121,0,0,94a8be62eef108233980304695b2eefdf9b8f9e4479294d009a14c395b4b663e,d3bb56f8ed6d718b0d014fd9eec6c619f30907068e2667d838febcc69349baac,94a8be62eef108233980304695b2eefdf9b8f9e4479294d009a14c395b4b663e,0,0,0,0,-21976.706498088297,9930.8963441416763,-2.2127433798079204,0,0.5,12.670108988111981,10.221992355670091,2.3219703937371605e-09,1114080.6849649099,0,0.013457671413791674,True,,9.9999999999999995e-07,19
null,79,gaussian_baseline,121,0,0,94a8be62eef108233980304695b2eefdf9b8f9e4479294d009a14c395b4b663e,d3bb56f8ed6d718b0d014fd9eec6c619f30907068e2667d838febcc69349baac,94a8be62eef108233980304695b2eefdf9b8f9e4479294d009a14c395b4b663e,0,0,0,0,-13089.409552396672,6985.907316006208,-1.8735722339776,0,0.5,11.004351170519559,9.2492147125536519,7.1936312462383967e-10,1136461.6645834357,0,0.030494704014687044,True,,9.9999999999999995e-07,16
null,79,gaussian_starter,121,0,0,94a8be62eef108233980304695b2eefdf9b8f9e4479294d009a14c395b4b663e,d3bb56f8ed6d718b0d014fd9eec6c619f30907068e2667d838febcc69349baac,94a8be62eef108233980304695b2eefdf9b8f9e4479294d009a14c395b4b663e,0,0,0,0,-13541.535198612075,7108.7466607515671,-1.9048092255584603,0,0.5,12.670108988111874,10.855959895225563,1.2391959125501728e-09,1114080.6849649686,0,0.028402437114384185,True,,9.9999999999999995e-07,19
null,79,morph_starter,122,0,0,cfb65ed3022708348513cf0fe7402faf3080dd6cc0c0fbd2f96416697b650583,d3bb56f8ed6d718b0d014fd9eec6c619f30907068e2667d838febcc69349baac,cfb65ed3022708348513cf0fe7402faf3080dd6cc0c0fbd2f96416697b650583,0,0,0,0,-4465.1859521330953,9932.6408374069651,-0.44953764478421815,0,0.5,8.6307444614558761,8.5297024144168052,2.082830796723556e-09,1114598.089277436,0,0.32652192914561318,True,,9.9999999999999995e-07,19
null,79,gaussian_baseline,122,0,0,cfb65ed3022708348513cf0fe7402faf3080dd6cc0c0fbd2f96416697b650583,d3bb56f8ed6d718b0d014fd9eec6c619f30907068e2667d838febcc69349baac,cfb65ed3022708348513cf0fe7402faf3080dd6cc0c0fbd2f96416697b650583,0,0,0,0,-3668.9626773761202,6987.4047695106374,-0.52507324484574036,0,0.5,8.3138888401082323,8.1760378838818148,2.02895045209317e-09,1136841.4056607506,0,0.29976613727562562,True,,9.9999999999999995e-07,16
null,79,gaussian_starter,122,0,0,cfb65ed3022708348513cf0fe7402faf3080dd6cc0c0fbd2f96416697b650583,d3bb56f8ed6d718b0d014fd9eec6c619f30907068e2667d838febcc69349baac,cfb65ed3022708348513cf0fe7402faf3080dd6cc0c0fbd2f96416697b650583,0,0,0,0,-3617.1322079338856,7109.4075224961425,-0.50877379502821818,0,0.5,8.6307444614558015,8.5013190742020939,2.2147162992425251e-09,1114598.089277436,0,0.30545539476723593,True,,9.9999999999999995e-07,19
null,79,morph_starter,123,0,0,93409e9384f3d4d9a36b1d0eaebc210b2bbb5e52d90bce49c5cb255a7f259b2a,d3bb56f8ed6d718b0d014fd9eec6c619f30907068e2667d838febcc69349baac,93409e9384f3d4d9a36b1d0eaebc210b2bbb5e52d90bce49c5cb255a7f259b2a,0,0,0,0,-7396.2566007036185,9930.6302779671878,-0.74476738112356844,0,0.5,16.861901242826811,16.584562016833981,2.958536193808925e-11,1114950.1848424817,0,0.2282061785881333,True,,9.9999999999999995e-07,19
null,79,gaussian_baseline,123,0,0,93409e9384f3d4d9a36b1d0eaebc210b2bbb5e52d90bce49c5cb255a7f259b2a,d3bb56f8ed6d718b0d014fd9eec6c619f30907068e2667d838febcc69349baac,93409e9384f3d4d9a36b1d0eaebc210b2bbb5e52d90bce49c5cb255a7f259b2a,0,0,0,0,-3177.7938645594631,6984.2848638597243,-0.45498519625414868,0,0.5,14.907050444756123,14.80354468035091,9.4132923678102998e-10,1137288.7183296422,0,0.32455994452375242,True,,9.9999999999999995e-07,16
null,79,gaussian_starter,123,0,0,93409e9384f3d4d9a36b1d0eaebc210b2bbb5e52d90bce49c5cb255a7f259b2a,d3bb56f8ed6d718b0d014fd9eec6c619f30907068e2667d838febcc69349baac,93409e9384f3d4d9a36b1d0eaebc210b2bbb5e52d90bce49c5cb255a7f259b2a,0,0,0,0,-4197.7243997259184,7108.3218487786216,-0.59052676600643905,0,0.5,16.861901242827422,16.68754031214241,1.2186585074402956e-11,1114950.1848424827,0,0.27741877328003994,True,,9.9999999999999995e-07,19
null,79,morph_starter,124,0,0,38df8bf31746573219c12f97d573c55a8b6bb6f180c3b88275d0809d154a1be5,d3bb56f8ed6d718b0d014fd9eec6c619f30907068e2667d838febcc69349baac,38df8bf31746573219c12f97d573c55a8b6bb6f180c3b88275d0809d154a1be5,0,0,0,0,12397.389513282658,9930.4116273108029,1.2484964535491609,1.2484964535491609,0.10592465317532779,7.3573520446315896,6.5779803473691736,1.9243128965285017e-09,1114541.3033673849,1.5587433945248321,1,True,,9.9999999999999995e-07,19
null,79,gaussian_baseline,124,0,0,38df8bf31746573219c12f97d573c55a8b6bb6f180c3b88275d0809d154a1be5,d3bb56f8ed6d718b0d014fd9eec6c619f30907068e2667d838febcc69349baac,38df8bf31746573219c12f97d573c55a8b6bb6f180c3b88275d0809d154a1be5,0,0,0,0,10553.235965967579,6984.3264837909455,1.5110635713213068,1.5110635713213068,0.065386127450283812,6.1559594218751661,5.0143028635880151,8.527088146692563e-09,1136764.8778488303,2.2833131165743019,1,True,,9.9999999999999995e-07,16
null,79,gaussian_starter,124,0,0,38df8bf31746573219c12f97d573c55a8b6bb6f180c3b88275d0809d154a1be5,d3bb56f8ed6d718b0d014fd9eec6c619f30907068e2667d838febcc69349baac,38df8bf31746573219c12f97d573c55a8b6bb6f180c3b88275d0809d154a1be5,0,0,0,0,10348.788885745696,7107.4130169252794,1.4561155881217174,1.4561155881217174,0.072680334525205462,7.3573520446317016,6.2972157416461743,2.2188966775082974e-09,1114440.3880135247,2.120272605971055,1,True,,9.9999999999999995e-07,19
null,79,morph_starter,125,0,0,46827471d67fd4d583ef995529580da647f8ae6789e8da7fc970c4b38753e5c2,d3bb56f8ed6d718b0d014fd9eec6c619f30907068e2667d838febcc69349baac,46827471d67fd4d583ef995529580da647f8ae6789e8da7fc970c4b38753e5c2,0,0,0,0,1174.9272396506105,9930.3864024522372,0.11831699476186958,0.11831699476186958,0.45290824605436469,8.4522784114199432,8.445278955795203,2.9140667656690766e-10,1114423.8269811126,0.013998911249480273,1,True,,9.9999999999999995e-07,19
null,79,gaussian_baseline,125,0,0,46827471d67fd4d583ef995529580da647f8ae6789e8da7fc970c4b38753e5c2,d3bb56f8ed6d718b0d014fd9eec6c619f30907068e2667d838febcc69349baac,46827471d67fd4d583ef995529580da647f8ae6789e8da7fc970c4b38753e5c2,0,0,0,0,561.53290544306424,6986.2578981671822,0.080376991443678922,0.080376991443678922,0.46796871292783754,8.0491272178592137,8.0458969874824451,6.4626082263430362e-13,1136779.4289256637,0.0064604607535372347,1,True,,9.9999999999999995e-07,16
null,79,gaussian_starter,125,0,0,46827471d67fd4d583ef995529580da647f8ae6789e8da7fc970c4b38753e5c2,d3bb56f8ed6d718b0d014fd9eec6c619f30907068e2667d838febcc69349baac,46827471d67fd4d583ef995529580da647f8ae6789e8da7fc970c4b38753e5c2,0,0,0,0,731.83738032677104,7107.6658498298912,0.10296481658613027,0.10296481658613027,0.45899544739622289,8.4522784114199183,8.4469775346926106,2.7857072204540145e-10,1114419.8674281891,0.010601753454615448,1,True,,9.9999999999999995e-07,19
null,79,morph_starter,126,0,0,1521f5a37d1167227ca659cd8c6838de0c82d25567ac0650bd61c786540ae8cf,d3bb56f8ed6d718b0d014fd9eec6c619f30907068e2667d838febcc69349baac,1521f5a37d1167227ca659cd8c6838de0c82d25567ac0650bd61c786540ae8cf,0,0,0,0,-7879.9153600543705,9934.4025270169295,-0.79316649767755942,0,0.5,8.2899604792753152,7.9754039327562722,1.9739607282076577e-08,1113973.6729443534,0,0.21384041194786818,True,,9.9999999999999995e-07,19
null,79,gaussian_baseline,126,0,0,1521f5a37d1167227ca659cd8c6838de0c82d25567ac0650bd61c786540ae8cf,d3bb56f8ed6d718b0d014fd9eec6c619f30907068e2667d838febcc69349baac,1521f5a37d1167227ca659cd8c6838de0c82d25567ac0650bd61c786540ae8cf,0,0,0,0,-5950.2326246456914,6987.8043274492411,-0.85149293388406744,0,0.5,7.3408953868946138,6.9783752786673654,4.6873191994478702e-09,1136392.8581275004,0,0.19724779343409643,True,,9.9999999999999995e-07,16
null,79,gaussian_starter,126,0,0,1521f5a37d1167227ca659cd8c6838de0c82d25567ac0650bd61c786540ae8cf,d3bb56f8ed6d718b0d014fd9eec6c619f30907068e2667d838febcc69349baac,1521f5a37d1167227ca659cd8c6838de0c82d25567ac0650bd61c786540ae8cf,0,0,0,0,-6131.4773798188626,7110.7111325660335,-0.86226652973211881,0,0.5,8.2899604792758197,7.9182086951276842,2.013393674005215e-08,1113973.6729443527,0,0.19427043327312182,True,,9.9999999999999995e-07,19
null,79,morph_starter,127,0,0,87f76c4235e10fb1a51dc34920d0c9aff4038b8f977298aec3ead3122b0d6bd6,d3bb56f8ed6d718b0d014fd9eec6c619f30907068e2667d838febcc69349baac,87f76c4235e10fb1a51dc34920d0c9aff4038b8f977298aec3ead3122b0d6bd6,0,0,0,0,-16059.207642701907,9931.4167125807271,-1.6168935167842606,0,0.5,17.955518332203042,16.648346009893555,6.6151567557071189e-10,1114259.5679327045,0,0.052950634055615856,True,,9.9999999999999995e-07,19
null,79,gaussian_baseline,127,0,0,87f76c4235e10fb1a51dc34920d0c9aff4038b8f977298aec3ead3122b0d6bd6,d3bb56f8ed6d718b0d014fd9eec6c619f30907068e2667d838febcc69349baac,87f76c4235e10fb1a51dc34920d0c9aff4038b8f977298aec3ead3122b0d6bd6,0,0,0,0,-9322.5879504729019,6985.4685679860622,-1.3345100956871989,0,0.5,15.087917449579962,14.197458851834433,1.850981590223455e-10,1136529.1842104506,0,0.091018370220449174,True,,9.9999999999999995e-07,16
null,79,gaussian_starter,127,0,0,87f76c4235e10fb1a51dc34920d0c9aff4038b8f977298aec3ead3122b0d6bd6,d3bb56f8ed6d718b0d014fd9eec6c619f30907068e2667d838febcc69349baac,87f76c4235e10fb1a51dc34920d0c9aff4038b8f977298aec3ead3122b0d6bd6,0,0,0,0,-10225.536557930171,7108.5968634725623,-1.4384162219276075,0,0.5,17.955518332204289,16.920997718452043,4.0320763394774417e-10,1114259.5679327187,0,0.075157996304576466,True,,9.9999999999999995e-07,19
null,79,morph_starter,128,0,0,441d837be57c4b8955b94c48ef90b104fb2d4cce78c41d61721aabcab0410891,d3bb56f8ed6d718b0d014fd9eec6c619f30907068e2667d838febcc69349baac,441d837be57c4b8955b94c48ef90b104fb2d4cce78c41d61721aabcab0410891,0,0,0,0,-9806.3106736419941,9928.3008861853832,-0.98766909954854154,0,0.5,13.581990424319546,13.094245299218032,9.1678734048805666e-11,1114948.7179421994,0,0.16165736633847422,True,,9.9999999999999995e-07,19
null,79,gaussian_baseline,128,0,0,441d837be57c4b8955b94c48ef90b104fb2d4cce78c41d61721aabcab0410891,d3bb56f8ed6d718b0d014fd9eec6c619f30907068e2667d838febcc69349baac,441d837be57c4b8955b94c48ef90b104fb2d4cce78c41d61721aabcab0410891,0,0,0,0,-3309.2121294000949,6982.8392860673239,-0.47389898109200185,0,0.5,11.812747114927767,11.700456992787748,1.1797514076761217e-09,1137030.1593925552,0,0.31778597292006988,True,,9.9999999999999995e-07,16
null,79,gaussian_starter,128,0,0,441d837be57c4b8955b94c48ef90b104fb2d4cce78c41d61721aabcab0410891,d3bb56f8ed6d718b0d014fd9eec6c619f30907068e2667d838febcc69349baac,441d837be57c4b8955b94c48ef90b104fb2d4cce78c41d61721aabcab0410891,0,0,0,0,-4200.8964480883769,7106.8955512079328,-0.59109159127658828,0,0.5,13.581990424318588,13.407295789679644,1.2123926862450674e-11,1114948.7179422036,0,0.27722952682844704,True,,9.9999999999999995e-07,19
null,79,morph_starter,129,0,0,245cfffdbed71359b37f3ef9cb281e38fabc22fb130e9c1a0ea947447164d0c1,d3bb56f8ed6d718b0d014fd9eec6c619f30907068e2667d838febcc69349baac,245cfffdbed71359b37f3ef9cb281e38fabc22fb130e9c1a0ea947447164d0c1,0,0,0,0,-11649.976294779304,9926.5499506937849,-1.1735560384724655,0,0.5,11.642121846386104,10.95350495866851,1.191058807137324e-09,1114812.8882943101,0,0.12028644925319532,True,,9.9999999999999995e-07,19
null,79,gaussian_baseline,129,0,0,245cfffdbed71359b37f3ef9cb281e38fabc22fb130e9c1a0ea947447164d0c1,d3bb56f8ed6d718b0d014fd9eec6c619f30907068e2667d838febcc69349baac,245cfffdbed71359b37f3ef9cb281e38fabc22fb130e9c1a0ea947447164d0c1,0,0,0,0,-6872.5838190614531,6983.1126314030271,-0.98414006734300274,0,0.5,10.637774330787478,10.153508494712533,1.5075363180017121e-10,1137033.9846823234,0,0.16252332439865802,True,,9.9999999999999995e-07,16
null,79,gaussian_starter,129,0,0,245cfffdbed71359b37f3ef9cb281e38fabc22fb130e9c1a0ea947447164d0c1,d3bb56f8ed6d718b0d014fd9eec6c619f30907068e2667d838febcc69349baac,245cfffdbed71359b37f3ef9cb281e38fabc22fb130e9c1a0ea947447164d0c1,0,0,0,0,-7091.8344989088691,7105.0620092010558,-0.99811010688207769,0,0.5,11.642121846385493,11.144009953655416,1.1953602552239317e-09,1114812.888294315,0,0.15911298486114123,True,,9.9999999999999995e-07,19
null,79,morph_starter,130,0,0,4dc0036926d7f2144cc70371d620232f6edccc97b61a7e714393c3bdb975924a,d3bb56f8ed6d718b0d014fd9eec6c619f30907068e2667d838febcc69349baac,4dc0036926d7f2144cc70371d620232f6edccc97b61a7e714393c3bdb975924a,0,0,0,0,5966.3552879000035,9933.4752602554963,0.60064738542837304,0.60064738542837304,0.27403743490454446,7.2816385197320699,7.1012498789210996,1.2535791849010991e-11,1114879.039543573,0.3607772816219405,1,True,,9.9999999999999995e-07,19
null,79,gaussian_baseline,130,0,0,4dc0036926d7f2144cc70371d620232f6edccc97b61a7e714393c3bdb975924a,d3bb56f8ed6d718b0d014fd9eec6c619f30907068e2667d838febcc69349baac,4dc0036926d7f2144cc70371d620232f6edccc97b61a7e714393c3bdb975924a,0,0,0,0,6436.1096248929243,6986.0723505292381,0.92130520865017329,0.92130520865017329,0.17844555124354566,5.727525832242252,5.3031241884992824,1.4860077612866007e-09,1137154.4039248631,0.84880328748593936,1,True,,9.9999999999999995e-07,16
null,79,gaussian_starter,130,0,0,4dc0036926d7f2144cc70371d620232f6edccc97b61a7e714393c3bdb975924a,d3bb56f8ed6d718b0d014fd9eec6c619f30907068e2667d838febcc69349baac,4dc0036926d7f2144cc70371d620232f6edccc97b61a7e714393c3bdb975924a,0,0,0,0,6124.5236928987742,7109.7402534938674,0.86144816628435694,0.86144816628435694,0.19449562878488258,7.2816385197322973,6.9105920481349568,5.1836729353382793e-11,1114804.7244854399,0.74209294319468111,1,True,,9.9999999999999995e-07,19
null,79,morph_starter,131,0,0,b798164d774e59e1e5cef99f189a189dc5ff52018cddc6f73bbd7088ceb2d2da,d3bb56f8ed6d718b0d014fd9eec6c619f30907068e2667d838febcc69349baac,b798164d774e59e1e5cef99f189a189dc5ff52018cddc6f73bbd7088ceb2d2da,0,0,0,0,6408.2014306347137,9930.9804172787026,0.64529246807681251,0.64529246807681251,0.25936883638211805,6.8507667524041027,6.6425655677257707,1.0621548085509858e-09,1114882.8607167788,0.41640236935666408,1,True,,9.9999999999999995e-07,19
null,79,gaussian_baseline,131,0,0,b798164d774e59e1e5cef99f189a189dc5ff52018cddc6f73bbd7088ceb2d2da,d3bb56f8ed6d718b0d014fd9eec6c619f30907068e2667d838febcc69349baac,b798164d774e59e1e5cef99f189a189dc5ff52018cddc6f73bbd7088ceb2d2da,0,0,0,0,4635.711411197809,6986.2221372140921,0.66356502445440679,0.66356502445440679,0.25348437446370797,5.2638351152797789,5.0436758444401901,9.9564892788728265e-11,1137186.1075853377,0.4403185416791775,1,True,,9.9999999999999995e-07,16
null,79,gaussian_starter,131,0,0,b798164d774e59e1e5cef99f189a189dc5ff52018cddc6f73bbd7088ceb2d2da,d3bb56f8ed6d718b0d014fd9eec6c619f30907068e2667d838febcc69349baac,b798164d774e59e1e5cef99f189a189dc5ff52018cddc6f73bbd7088ceb2d2da,0,0,0,0,5124.1925806338086,7107.6561671956715,0.72095453986691072,0.72095453986691072,0.23546874247864569,6.8507667524033824,6.5908790281260279,1.1282921819066871e-09,1114835.7719692956,0.51977544855470892,1,True,,9.9999999999999995e-07,19
null,79,morph_starter,132,0,0,251782db7e7fa24962ef0b5a45cbc52511bef6b0eb578f84268e52296ade557e,d3bb56f8ed6d718b0d014fd9eec6c619f30907068e2667d838febcc69349baac,251782db7e7fa24962ef0b5a45cbc52511bef6b0eb578f84268e52296ade557e,0,0,0,0,-13231.346961560301,9935.3677777670582,-1.3316625714385015,0,0.5,8.6929532831081051,7.8062906810230039,5.850438511423306e-08,1114339.861734153,0,0.091485546824843111,True,,9.9999999999999995e-07,19
null,79,gaussian_baseline,132,0,0,251782db7e7fa24962ef0b5a45cbc52511bef6b0eb578f84268e52296ade557e,d3bb56f8ed6d718b0d014fd9eec6c619f30907068e2667d838febcc69349baac,251782db7e7fa24962ef0b5a45cbc52511bef6b0eb578f84268e52296ade557e,0,0,0,0,-8577.0796442752853,6988.1231529342504,-1.2273300321011897,0,0.5,6.7031292556710662,5.9499597518223126,7.3918683396456686e-09,1136597.8912503098,0,0.10984928615718587,True,,9.9999999999999995e-07,16
null,79,gaussian_starter,132,0,0,251782db7e7fa24962ef0b5a45cbc52511bef6b0eb578f84268e52296ade557e,d3bb56f8ed6d718b0d014fd9eec6c619f30907068e2667d838febcc69349baac,251782db7e7fa24962ef0b5a45cbc52511bef6b0eb578f84268e52296ade557e,0,0,0,0,-9182.7827547741817,7111.7014890930313,-1.2911745854584979,0,0.5,8.6929532831084124,7.8593873780414505,5.6042128049327289e-08,1114339.8617341556,0,0.09832157282796089,True,,9.9999999999999995e-07,19
null,79,morph_starter,133,0,0,997cade6a36470564f93f8f39335cc4d35b2034c4c30d5a3cdda964ef50e0733,d3bb56f8ed6d718b0d014fd9eec6c619f30907068e2667d838febcc69349baac,997cade6a36470564f93f8f39335cc4d35b2034c4c30d5a3cdda964ef50e0733,0,0,0,0,10557.183096396593,9926.8176913675325,1.0635520195234163,1.0635520195234163,0.14376584394818215,12.498858414889703,11.933286965773535,1.2987642850070813e-08,1114344.6992351138,1.1311428982323373,1,True,,9.9999999999999995e-07,19
null,79,gaussian_baseline,133,0,0,997cade6a36470564f93f8f39335cc4d35b2034c4c30d5a3cdda964ef50e0733,d3bb56f8ed6d718b0d014fd9eec6c619f30907068e2667d838febcc69349baac,997cade6a36470564f93f8f39335cc4d35b2034c4c30d5a3cdda964ef50e0733,0,0,0,0,7417.9751351934674,6983.0602612509001,1.06231860409076,1.06231860409076,0.14404553570024198,10.408175648429214,9.8439152401305439,5.8789438872608457e-09,1136510.9834073316,1.1285208165973408,1,True,,9.9999999999999995e-07,16
null,79,gaussian_starter,133,0,0,997cade6a36470564f93f8f39335cc4d35b2034c4c30d5a3cdda964ef50e0733,d3bb56f8ed6d718b0d014fd9eec6c619f30907068e2667d838febcc69349baac,997cade6a36470564f93f8f39335cc4d35b2034c4c30d5a3cdda964ef50e0733,0,0,0,0,7820.651888551668,7104.7953210547712,1.1007911056239228,1.1007911056239228,0.13549379184847138,12.498858414890108,11.892987885779739,1.3116600361406938e-08,1114281.1021019565,1.2117410582207384,1,True,,9.9999999999999995e-07,19
null,79,morph_starter,134,0,0,676b735eef8d94cb7f2c741043916313515e02d792267d206752b94e446db2b3,d3bb56f8ed6d718b0d014fd9eec6c619f30907068e2667d838febcc69349baac,676b735eef8d94cb7f2c741043916313515e02d792267d206752b94e446db2b3,0,0,0,0,-7409.0180236913347,9934.8828740853241,-0.74573303784620515,0,0.5,6.991823659994389,6.7137647781267242,9.0983547362810668e-09,1114632.2321291354,0,0.22791434873910504,True,,9.9999999999999995e-07,19
null,79,gaussian_baseline,134,0,0,676b735eef8d94cb7f2c741043916313515e02d792267d206752b94e446db2b3,d3bb56f8ed6d718b0d014fd9eec6c619f30907068e2667d838febcc69349baac,676b735eef8d94cb7f2c741043916313515e02d792267d206752b94e446db2b3,0,0,0,0,-2970.2125013778714,6987.1883829147373,-0.42508814579960869,0,0.5,3.7333615339518875,3.6430115681022128,1.4481672805377599e-11,1136941.1884664635,0,0.33538620954469733,True,,9.9999999999999995e-07,16
null,79,gaussian_starter,134,0,0,676b735eef8d94cb7f2c741043916313515e02d792267d206752b94e446db2b3,d3bb56f8ed6d718b0d014fd9eec6c619f30907068e2667d838febcc69349baac,676b735eef8d94cb7f2c741043916313515e02d792267d206752b94e446db2b3,0,0,0,0,-3669.4608486854236,7111.2259680720381,-0.51600208085558186,0,0.5,6.9918236599940862,6.8586945862704409,7.6276021054866305e-09,1114632.2321291368,0,0.30292647794318023,True,,9.9999999999999995e-07,19
null,79,morph_starter,135,0,0,f08ad957e09ad9cb08e38a9ff739c2bda53c71b0d328a3ee2be06891027b9798,d3bb56f8ed6d718b0d014fd9eec6c619f30907068e2667d838febcc69349baac,f08ad957e09ad9cb08e38a9ff739c2bda53c71b0d328a3ee2be06891027b9798,0,0,0,0,-13022.695295883736,9928.1269321847176,-1.3116199113161024,0,0.5,12.127190679757017,11.267017283876587,2.8617219705040498e-10,1114338.4985473626,0,0.094824205685680396,True,,9.9999999999999995e-07,19
null,79,gaussian_baseline,135,0,0,f08ad957e09ad9cb08e38a9ff739c2bda53c71b0d328a3ee2be06891027b9798,d3bb56f8ed6d718b0d014fd9eec6c619f30907068e2667d838febcc69349baac,f08ad957e09ad9cb08e38a9ff739c2bda53c71b0d328a3ee2be06891027b9798,0,0,0,0,-10038.919533023625,6985.0512286414032,-1.4371325522378704,0,0.5,11.068614728499703,10.035939742148836,2.7742685926313015e-10,1136621.2083113533,0,0.07534016663778767,True,,9.9999999999999995e-07,16
null,79,gaussian_starter,135,0,0,f08ad957e09ad9cb08e38a9ff739c2bda53c71b0d328a3ee2be06891027b9798,d3bb56f8ed6d718b0d014fd9eec6c619f30907068e2667d838febcc69349baac,f08ad957e09ad9cb08e38a9ff739c2bda53c71b0d328a3ee2be06891027b9798,0,0,0,0,-10068.155591873288,7106.0651982856534,-1.4167829836192067,0,0.5,12.127190679756682,11.123553668420211,3.78822639923726e-10,1114338.4985473584,0,0.078273193132143384,True,,9.9999999999999995e-07,19
null,79,morph_starter,136,0,0,0ae2c0604c17db64554e5b21c646519a73e97ff6388cc5eccb38f8a96c2bed83,d3bb56f8ed6d718b0d014fd9eec6c619f30907068e2667d838febcc69349baac,0ae2c0604c17db64554e5b21c646519a73e97ff6388cc5eccb38f8a96c2bed83,0,0,0,0,19345.891011064774,9925.6218019459357,1.9492566065943815,1.9492566065943815,0.025632393955271789,15.544671929286332,13.644871270110411,5.3833127622304744e-08,1114504.6815783884,3.7996013183518431,1,True,,9.9999999999999995e-07,19
null,79,gaussian_baseline,136,0,0,0ae2c0604c17db64554e5b21c646519a73e97ff6388cc5eccb38f8a96c2bed83,d3bb56f8ed6d718b0d014fd9eec6c619f30907068e2667d838febcc69349baac,0ae2c0604c17db64554e5b21c646519a73e97ff6388cc5eccb38f8a96c2bed83,0,0,0,0,11769.574359896616,6983.8921884634574,1.6853392798740896,1.6853392798740896,0.045961565686354691,11.433540121775863,10.013355877632605,1.341903588247817e-09,1136588.2765334616,2.840368488286515,1,True,,9.9999999999999995e-07,16
null,79,gaussian_starter,136,0,0,0ae2c0604c17db64554e5b21c646519a73e97ff6388cc5eccb38f8a96c2bed83,d3bb56f8ed6d718b0d014fd9eec6c619f30907068e2667d838febcc69349baac,0ae2c0604c17db64554e5b21c646519a73e97ff6388cc5eccb38f8a96c2bed83,0,0,0,0,12843.83871997469,7103.6514550738284,1.8081540504776583,1.8081540504776583,0.03529126391621977,15.54467192928705,13.909961394157669,4.7537625169624675e-08,1114421.6435823268,3.2694210702587623,1,True,,9.9999999999999995e-07,19
null,79,morph_starter,137,0,0,b1ea5ade102919358f69a8431bb7d34ef1ad0251b3478c9c361800d514e57d74,d3bb56f8ed6d718b0d014fd9eec6c619f30907068e2667d838febcc69349baac,b1ea5ade102919358f69a8431bb7d34ef1ad0251b3478c9c361800d514e57d74,0,0,0,0,12653.02121029232,9930.7504330642842,1.2741982072914724,1.2741982072914724,0.10129659019837423,4.4872809026470399,3.675490366914639,6.1835898068629547e-09,1114600.8391484257,1.623581071464802,1,True,,9.9999999999999995e-07,19
null,79,gaussian_baseline,137,0,0,b1ea5ade102919358f69a8431bb7d34ef1ad0251b3478c9c361800d514e57d74,d3bb56f8ed6d718b0d014fd9eec6c619f30907068e2667d838febcc69349baac,b1ea5ade102919358f69a8431bb7d34ef1ad0251b3478c9c361800d514e57d74,0,0,0,0,10727.258538094906,6984.9870865539488,1.5358369458993981,1.5358369458993981,0.062289187942540222,4.3372852611616413,3.1578876989668458,9.9215554660858629e-09,1136821.9071842222,2.3587951243895908,1,True,,9.9999999999999995e-07,16
null,79,gaussian_starter,137,0,0,b1ea5ade102919358f69a8431bb7d34ef1ad0251b3478c9c361800d514e57d74,d3bb56f8ed6d718b0d014fd9eec6c619f30907068e2667d838febcc69349baac,b1ea5ade102919358f69a8431bb7d34ef1ad0251b3478c9c361800d514e57d74,0,0,0,0,10677.722780064794,7107.5735221149898,1.5023659273599617,1.5023659273599617,0.066501315430099808,4.4872809026465106,3.3587292128004318,7.0538943575115809e-09,1114495.237329775,2.2571033796921576,1,True,,9.9999999999999995e-07,19
null,79,morph_starter,138,0,0,9cb0f85609ea0aa4bde14253cd2236cecd90feee6cc0d1839d1d6af0cf892eae,d3bb56f8ed6d718b0d014fd9eec6c619f30907068e2667d838febcc69349baac,9cb0f85609ea0aa4bde14253cd2236cecd90feee6cc0d1839d1d6af0cf892eae,0,0,0,0,5510.89793656444,9930.2108169197727,0.5549766538868629,0.5549766538868629,0.28945531459298479,11.338986620530173,11.184987077350444,4.118497320959591e-09,1114969.5568027082,0.30799908635945883,1,True,,9.9999999999999995e-07,19
null,79,gaussian_baseline,138,0,0,9cb0f85609ea0aa4bde14253cd2236cecd90feee6cc0d1839d1d6af0cf892eae,d3bb56f8ed6d718b0d014fd9eec6c619f30907068e2667d838febcc69349baac,9cb0f85609ea0aa4bde14253cd2236cecd90feee6cc0d1839d1d6af0cf892eae,0,0,0,0,6649.6488577340515,6984.9990717482015,0.95201980339985415,0.95201980339985415,0.17054346931500619,10.40823930218923,9.9550684491564816,5.9852870437637762e-09,1137138.3719659238,0.90634170606549691,1,True,,9.9999999999999995e-07,16
null,79,gaussian_starter,138,0,0,9cb0f85609ea0aa4bde14253cd2236cecd90feee6cc0d1839d1d6af0cf892eae,d3bb56f8ed6d718b0d014fd9eec6c619f30907068e2667d838febcc69349baac,9cb0f85609ea0aa4bde14253cd2236cecd90feee6cc0d1839d1d6af0cf892eae,0,0,0,0,6292.4397151229659,7107.4748048524534,0.88534922002055449,0.88534922002055449,0.18798415557590165,11.338986620530061,10.947064999834559,5.2592666888173767e-09,1114886.5799664878,0.78384324139100425,1,True,,9.9999999999999995e-07,19
null,79,morph_starter,139,0,0,d1178cadeb28893ec78d484f95e809518f9644d24fb6762b672285bcdb52b7a4,d3bb56f8ed6d718b0d014fd9eec6c619f30907068e2667d838febcc69349baac,d1178cadeb28893ec78d484f95e809518f9644d24fb6762b672285bcdb52b7a4,0,0,0,0,-3182.9766406542608,9931.3808277989683,-0.32049227803867486,0,0.5,9.6622956814882475,9.6109380313470378,9.4761503088847121e-09,1114786.5665291913,0,0.37429759157597109,True,,9.9999999999999995e-07,19
null,79,gaussian_baseline,139,0,0,d1178cadeb28893ec78d484f95e809518f9644d24fb6762b672285bcdb52b7a4,d3bb56f8ed6d718b0d014fd9eec6c619f30907068e2667d838febcc69349baac,d1178cadeb28893ec78d484f95e809518f9644d24fb6762b672285bcdb52b7a4,0,0,0,0,-2781.8641937127709,6987.8362386476265,-0.39809572623160072,0,0.5,7.4355676520927698,7.356327548470837,1.5439649558857127e-11,1137287.5050802273,0,0.34527981228983584,True,,9.9999999999999995e-07,16
null,79,gaussian_starter,139,0,0,d1178cadeb28893ec78d484f95e809518f9644d24fb6762b672285bcdb52b7a4,d3bb56f8ed6d718b0d014fd9eec6c619f30907068e2667d838febcc69349baac,d1178cadeb28893ec78d484f95e809518f9644d24fb6762b672285bcdb52b7a4,0,0,0,0,-2378.6490821015345,7108.0886431812396,-0.33463659311341326,0,0.5,9.6622956814882492,9.6063048567629732,9.4203504996670517e-09,1114786.5665291913,0,0.36894961875317334,True,,9.9999999999999995e-07,19
null,79,morph_starter,140,0,0,adb6450c24a98f003f4f8193e7013b8c75a27774257f30d122826c44916ec73c,d3bb56f8ed6d718b0d014fd9eec6c619f30907068e2667d838febcc69349baac,adb6450c24a98f003f4f8193e7013b8c75a27774257f30d122826c44916ec73c,0,0,0,0,2901.6274396191279,9930.5633972740288,0.29219545183677725,0.29219545183677725,0.38506859444187053,12.985907807692703,12.943218716655654,6.0335850898818322e-12,1114358.7403858104,0.085378182074098419,1,True,,9.9999999999999995e-07,19
null,79,gaussian_baseline,140,0,0,adb6450c24a98f003f4f8193e7013b8c75a27774257f30d122826c44916ec73c,d3bb56f8ed6d718b0d014fd9eec6c619f30907068e2667d838febcc69349baac,adb6450c24a98f003f4f8193e7013b8c75a27774257f30d122826c44916ec73c,0,0,0,0,3128.4164930776119,6984.8951624992496,0.44788970352892737,0.44788970352892737,0.32711639986327257,9.4475329625465374,9.3472303692829222,7.8389544855284043e-11,1136677.202737222,0.20060518652723044,1,True,,9.9999999999999995e-07,16
null,79,gaussian_starter,140,0,0,adb6450c24a98f003f4f8193e7013b8c75a27774257f30d122826c44916ec73c,d3bb56f8ed6d718b0d014fd9eec6c619f30907068e2667d838febcc69349baac,adb6450c24a98f003f4f8193e7013b8c75a27774257f30d122826c44916ec73c,0,0,0,0,3204.0503955484633,7107.507819775944,0.4508037541039408,0.4508037541039408,0.32606549769140419,12.985907807693108,12.884295795336005,1.115262049378174e-11,1114317.5245249353,0.20322402471420634,1,True,,9.9999999999999995e-07,19
null,79,morph_starter,141,0,0,8cbd2ae449af175421f63ffb2129b22558820a01a22d41720fb50c863545d6c8,d3bb56f8ed6d718b0d014fd9eec6c619f30907068e2667d838febcc69349baac,8cbd2ae449af175421f63ffb2129b22558820a01a22d41720fb50c863545d6c8,0,0,0,0,1040.814394281454,9933.1647720942983,0.1047822427745029,0.1047822427745029,0.45827430034391847,5.1117563599743461,5.1062667007739186,1.6007795089478805e-10,1115113.8728379924,0.010979318400854867,1,True,,9.9999999999999995e-07,19
null,79,gaussian_baseline,141,0,0,8cbd2ae449af175421f63ffb2129b22558820a01a22d41720fb50c863545d6c8,d3bb56f8ed6d718b0d014fd9eec6c619f30907068e2667d838febcc69349baac,8cbd2ae449af175421f63ffb2129b22558820a01a22d41720fb50c863545d6c8,0,0,0,0,682.42051046258007,6986.8554070617838,0.097672366784534739,0.097672366784534739,0.46109622936331562,3.571930805858103,3.5671608602414566,1.4779844015322396e-13,1137407.0407732001,0.0095398912332926855,1,True,,9.9999999999999995e-07,16
null,79,gaussian_starter,141,0,0,8cbd2ae449af175421f63ffb2129b22558820a01a22d41720fb50c863545d6c8,d3bb56f8ed6d718b0d014fd9eec6c619f30907068e2667d838febcc69349baac,8cbd2ae449af175421f63ffb2129b22558820a01a22d41720fb50c863545d6c8,0,0,0,0,418.24221781470078,7109.6669470387496,0.058827356603096681,0.058827356603096681,0.47654480938474192,5.1117563599743416,5.1100260310318877,1.6548618031464457e-10,1115115.5447868078,0.0034606578849079028,1,True,,9.9999999999999995e-07,19
null,79,morph_starter,142,0,0,479b541f5b051066c25db4ea93b8b42a0d7869db39f1618fba5c960ad974488a,d3bb56f8ed6d718b0d014fd9eec6c619f30907068e2667d838febcc69349baac,479b541f5b051066c25db4ea93b8b42a0d7869db39f1618fba5c960ad974488a,0,0,0,0,10610.804699142509,9930.1747706559563,1.0685927990953406,1.0685927990953406,0.14262659734735078,7.0141668144788127,6.4432215293396053,2.3742303956186817e-09,1114031.3463771364,1.1418905702784148,1,True,,9.9999999999999995e-07,19
null,79,gaussian_baseline,142,0,0,479b541f5b051066c25db4ea93b8b42a0d7869db39f1618fba5c960ad974488a,d3bb56f8ed6d718b0d014fd9eec6c619f30907068e2667d838febcc69349baac,479b541f5b051066c25db4ea93b8b42a0d7869db39f1618fba5c960ad974488a,0,0,0,0,8815.4144545793624,6984.5137350475761,1.2621896574948175,1.2621896574948175,0.10344027469490297,6.612763996767141,5.8162026310236987,6.163025645378184e-09,1136301.8112825882,1.5931227314868848,1,True,,9.9999999999999995e-07,16
null,79,gaussian_starter,142,0,0,479b541f5b051066c25db4ea93b8b42a0d7869db39f1618fba5c960ad974488a,d3bb56f8ed6d718b0d014fd9eec6c619f30907068e2667d838febcc69349baac,479b541f5b051066c25db4ea93b8b42a0d7869db39f1618fba5c960ad974488a,0,0,0,0,8726.7877839310022,7107.351751528513,1.2278962715923849,1.2278962715923849,0.10974295465785405,7.0141668144791653,6.2603021875839255,2.6457463025986172e-09,1113947.9194988555,1.5077292537904798,1,True,,9.9999999999999995e-07,19
null,79,morph_starter,143,0,0,7b7b38682134d35718615f2e43035ccf452989db9dac341a169d218cb0a32d2a,d3bb56f8ed6d718b0d014fd9eec6c619f30907068e2667d838febcc69349baac,7b7b38682134d35718615f2e43035ccf452989db9dac341a169d218cb0a32d2a,0,0,0,0,4622.827958134666,9930.7039217554902,0.4655183090879132,0.4655183090879132,0.32078016423390382,7.6423425524545294,7.5339889044064945,6.2441509740551737e-09,1115166.0511588729,0.2167072960960699,1,True,,9.9999999999999995e-07,19
null,79,gaussian_baseline,143,0,0,7b7b38682134d35718615f2e43035ccf452989db9dac341a169d218cb0a32d2a,d3bb56f8ed6d718b0d014fd9eec6c619f30907068e2667d838febcc69349baac,7b7b38682134d35718615f2e43035ccf452989db9dac341a169d218cb0a32d2a,0,0,0,0,4418.6309185071314,6985.899173406121,0.63252028590361764,0.63252028590361764,0.26352347854803759,7.1277721200770792,6.9277311640372821,1.2268976945506438e-09,1137508.2936862542,0.4000819120795942,1,True,,9.9999999999999995e-07,16
null,79,gaussian_starter,143,0,0,7b7b38682134d35718615f2e43035ccf452989db9dac341a169d218cb0a32d2a,d3bb56f8ed6d718b0d014fd9eec6c619f30907068e2667d838febcc69349baac,7b7b38682134d35718615f2e43035ccf452989db9dac341a169d218cb0a32d2a,0,0,0,0,4502.5940500705929,7107.3456956423297,0.63352408956129913,0.63352408956129913,0.26319572740256258,7.6423425524532993,7.4416661664260628,6.8826182531012137e-09,1115113.9346433561,0.40135277205447295,1,True,,9.9999999999999995e-07,19
null,79,morph_starter,144,0,0,9e8e76fd1cb663f7160c2e7bb3ceb0b6c1bb93638ff0bfdc305c1c09b082c094,d3bb56f8ed6d718b0d014fd9eec6c619f30907068e2667d838febcc69349baac,9e8e76fd1cb663f7160c2e7bb3ceb0b6c1bb93638ff0bfdc305c1c09b082c094,0,0,0,0,-8234.9956331309986,9932.051834446158,-0.8291025466117391,0,0.5,12.151469679997113,11.807764163598078,7.3005934630998581e-11,1114067.1878933194,0,0.2035231914289572,True,,9.9999999999999995e-07,19
null,79,gaussian_baseline,144,0,0,9e8e76fd1cb663f7160c2e7bb3ceb0b6c1bb93638ff0bfdc305c1c09b082c094,d3bb56f8ed6d718b0d014fd9eec6c619f30907068e2667d838febcc69349baac,9e8e76fd1cb663f7160c2e7bb3ceb0b6c1bb93638ff0bfdc305c1c09b082c094,0,0,0,0,-4265.253567116627,6987.4072964831666,-0.61040779792110311,0,0.5,10.662770412549122,10.476471572667677,4.2669839883657801e-10,1136380.1006298116,0,0.27079585192695388,True,,9.9999999999999995e-07,16
null,79,gaussian_starter,144,0,0,9e8e76fd1cb663f7160c2e7bb3ceb0b6c1bb93638ff0bfdc305c1c09b082c094,d3bb56f8ed6d718b0d014fd9eec6c619f30907068e2667d838febcc69349baac,9e8e76fd1cb663f7160c2e7bb3ceb0b6c1bb93638ff0bfdc305c1c09b082c094,0,0,0,0,-3986.3348693236981,7108.8776260384284,-0.56074558331459778,0,0.5,12.151469679996707,11.994251875393292,2.7093688403923011e-11,1114067.1878933213,0,0.28748549389960631,True,,9.9999999999999995e-07,19
null,79,morph_starter,145,0,0,e6df3848c5485c9e5da5b1186bf3583e958450d7b3bcba6e61c7d1ae689f326c,d3bb56f8ed6d718b0d014fd9eec6c619f30907068e2667d838febcc69349baac,e6df3848c5485c9e5da5b1186bf3583e958450d7b3bcba6e61c7d1ae689f326c,0,0,0,0,25583.371021711719,9934.3968756307549,2.5755287111438769,2.5755287111438769,0.0050043481719896253,15.669541461537252,12.352867390574032,1.9366374892637594e-08,1114671.1166108833,6.6333481419264402,1,True,,9.9999999999999995e-07,19
null,79,gaussian_baseline,145,0,0,e6df3848c5485c9e5da5b1186bf3583e958450d7b3bcba6e61c7d1ae689f326c,d3bb56f8ed6d718b0d014fd9eec6c619f30907068e2667d838febcc69349baac,e6df3848c5485c9e5da5b1186bf3583e958450d7b3bcba6e61c7d1ae689f326c,0,0,0,0,19590.847093640521,6986.9187953101537,2.804191078873727,2.804191078873727,0.0025221500360543816,12.494022116514671,8.5622783130971722,2.5402865616586112e-08,1136837.0525723391,7.8634876068349966,1,True,,9.9999999999999995e-07,16
null,79,gaussian_starter,145,0,0,e6df3848c5485c9e5da5b1186bf3583e958450d7b3bcba6e61c7d1ae689f326c,d3bb56f8ed6d718b0d014fd9eec6c619f30907068e2667d838febcc69349baac,e6df3848c5485c9e5da5b1186bf3583e958450d7b3bcba6e61c7d1ae689f326c,0,0,0,0,20040.628514496675,7109.6361223984568,2.8190225131130706,2.8190225131130706,0.0024085069731947565,15.669541461536696,11.696097496817529,1.9867018030694794e-08,1114492.4688112631,7.9468879294383328,1,True,,9.9999999999999995e-07,19
null,79,morph_starter,146,0,0,ee6673b80e93f6ec0f99ff7339d5e37c17657a919d73115f0fb052cb99e8890e,d3bb56f8ed6d718b0d014fd9eec6c619f30907068e2667d838febcc69349baac,ee6673b80e93f6ec0f99ff7339d5e37c17657a919d73115f0fb052cb99e8890e,0,0,0,0,3505.9162681754046,9925.4864293997307,0.35322922763550718,0.35322922763550718,0.36195829894271492,7.7689315875878311,7.7065461439598426,1.7246259309544598e-08,1114754.8806358369,0.12477088725597694,1,True,,9.9999999999999995e-07,19
null,79,gaussian_baseline,146,0,0,ee6673b80e93f6ec0f99ff7339d5e37c17657a919d73115f0fb052cb99e8890e,d3bb56f8ed6d718b0d014fd9eec6c619f30907068e2667d838febcc69349baac,ee6673b80e93f6ec0f99ff7339d5e37c17657a919d73115f0fb052cb99e8890e,0,0,0,0,3449.3683925427845,6982.7758876633143,0.49399044380919899,0.49399044380919899,0.31065646420167126,6.3643239535645746,6.2423106742771699,2.0247238330384221e-09,1136805.1894879416,0.24402655857480937,1,True,,9.9999999999999995e-07,16
null,79,gaussian_starter,146,0,0,ee6673b80e93f6ec0f99ff7339d5e37c17657a919d73115f0fb052cb99e8890e,d3bb56f8ed6d718b0d014fd9eec6c619f30907068e2667d838febcc69349baac,ee6673b80e93f6ec0f99ff7339d5e37c17657a919d73115f0fb052cb99e8890e,0,0,0,0,3658.818638517062,7103.9418074144251,0.51504813994244159,0.51504813994244159,0.30325969033597011,7.7689315875872405,7.636294294358156,1.8225194686749546e-08,1114709.8346363273,0.26527458645816887,1,True,,9.9999999999999995e-07,19
null,79,morph_starter,147,0,0,c76069092dc8f977e36e7c86091e6a6249878c1d14db8a39ab62cb15f61d6a48,d3bb56f8ed6d718b0d014fd9eec6c619f30907068e2667d838febcc69349baac,c76069092dc8f977e36e7c86091e6a6249878c1d14db8a39ab62cb15f61d6a48,0,0,0,0,-21184.597019287226,9930.9752832052145,-2.1329799384605752,0,0.5,11.425016966773123,9.1502152578354838,2.1368911473640395e-08,1114613.7056709428,0,0.016463185970018931,True,,9.9999999999999995e-07,19
null,79,gaussian_baseline,147,0,0,c76069092dc8f977e36e7c86091e6a6249878c1d14db8a39ab62cb15f61d6a48,d3bb56f8ed6d718b0d014fd9eec6c619f30907068e2667d838febcc69349baac,c76069092dc8f977e36e7c86091e6a6249878c1d14db8a39ab62cb15f61d6a48,0,0,0,0,-16650.418887206029,6986.5172293864043,-2.3830347497594615,0,0.5,11.152718289462655,8.3132909801820851,1.785373836271642e-08,1136815.6351224186,0,0.0085852867041079379,True,,9.9999999999999995e-07,16
null,79,gaussian_starter,147,0,0,c76069092dc8f977e36e7c86091e6a6249878c1d14db8a39ab62cb15f61d6a48,d3bb56f8ed6d718b0d014fd9eec6c619f30907068e2667d838febcc69349baac,c76069092dc8f977e36e7c86091e6a6249878c1d14db8a39ab62cb15f61d6a48,0,0,0,0,-16831.574360198461,7108.649327122771,-2.367601524488248,0,0.5,11.425016966773512,8.622248477393974,2.2612941609490012e-08,1114613.7056708972,0,0.0089519035768184738,True,,9.9999999999999995e-07,19
null,79,morph_starter,148,0,0,df74b6c5e38402195826b4016155598ff547d9e403705014099491a04dbdad90,d3bb56f8ed6d718b0d014fd9eec6c619f30907068e2667d838febcc69349baac,df74b6c5e38402195826b4016155598ff547d9e403705014099491a04dbdad90,0,0,0,0,-5597.9484434149281,9930.346312312271,-0.56370712085141661,0,0.5,4.3821761993909858,4.223293340341689,9.2958141184595888e-12,1115072.0706542649,0,0.28647673521184558,True,,9.9999999999999995e-07,19
null,79,gaussian_baseline,148,0,0,df74b6c5e38402195826b4016155598ff547d9e403705014099491a04dbdad90,d3bb56f8ed6d718b0d014fd9eec6c619f30907068e2667d838febcc69349baac,df74b6c5e38402195826b4016155598ff547d9e403705014099491a04dbdad90,0,0,0,0,-4736.0138922086007,6985.932462242401,-0.67792069613988315,0,0.5,3.3915348569883488,3.1617466218609569,2.885894301307701e-11,1137231.9076788619,0,0.24891098844211795,True,,9.9999999999999995e-07,16
null,79,gaussian_starter,148,0,0,df74b6c5e38402195826b4016155598ff547d9e403705014099491a04dbdad90,d3bb56f8ed6d718b0d014fd9eec6c619f30907068e2667d838febcc69349baac,df74b6c5e38402195826b4016155598ff547d9e403705014099491a04dbdad90,0,0,0,0,-4593.8587181553412,7107.6481656491223,-0.64631432291435043,0,0.5,4.3821761993909965,4.1733150973888788,1.6465329100157078e-11,1115072.0706542644,0,0.25903790695164547,True,,9.9999999999999995e-07,19
null,79,morph_starter,149,0,0,22e46120e87143139d7fbccc34a7d1cdcffe188548ce9d7796bdf64d1662743e,d3bb56f8ed6d718b0d014fd9eec6c619f30907068e2667d838febcc69349baac,22e46120e87143139d7fbccc34a7d1cdcffe188548ce9d7796bdf64d1662743e,0,0,0,0,5934.931012070746,9932.2738679009944,0.59755601663225633,0.59755601663225633,0.27506810972824169,8.2690984461021255,8.0905618495954208,1.8473156337961427e-10,1115139.268002752,0.3570731930134094,1,True,,9.9999999999999995e-07,19
null,79,gaussian_baseline,149,0,0,22e46120e87143139d7fbccc34a7d1cdcffe188548ce9d7796bdf64d1662743e,d3bb56f8ed6d718b0d014fd9eec6c619f30907068e2667d838febcc69349baac,22e46120e87143139d7fbccc34a7d1cdcffe188548ce9d7796bdf64d1662743e,0,0,0,0,6064.5963098525162,6985.4812580883263,0.86819639816012029,0.86819639816012029,0.19264341285023789,7.0523653489397082,6.6754828560506052,3.0442239874750587e-10,1137274.8026179411,0.75376498577820616,1,True,,9.9999999999999995e-07,16
null,79,gaussian_starter,149,0,0,22e46120e87143139d7fbccc34a7d1cdcffe188548ce9d7796bdf64d1662743e,d3bb56f8ed6d718b0d014fd9eec6c619f30907068e2667d838febcc69349baac,22e46120e87143139d7fbccc34a7d1cdcffe188548ce9d7796bdf64d1662743e,0,0,0,0,5772.3150909640299,7109.0109964730991,0.81199023257102332,0.81199023257102332,0.20839861806400639,8.2690984461023813,7.9394343772070091,2.3702073637110743e-10,1115072.5558206202,0.65932813779074451,1,True,,9.9999999999999995e-07,19
